14
3 8 3 2 2 6 0 7 1 1 8 0 8 
3 8 3 2 2 6 0 7 1 1 8 0 8 
3 8 3 2 2 6 0 7 1 1 8 0 8 
3 8 3 2 2 6 0 7 1 1 8 0 8 
3 8 3 2 2 6 0 7 1 1 8 0 8 
3 8 3 2 2 6 0 7 1 1 8 0 8 
3 8 3 3 2 6 4 7 1 1 8 0 8 
3 8 3 2 2 6 0 7 1 1 8 0 8 
3 8 3 2 2 6 0 7 1 1 8 0 8 
3 8 3 2 2 6 0 7 1 1 8 0 8 
3 8 3 2 2 6 0 7 1 1 8 0 8 
3 8 3 2 2 6 0 7 1 1 8 0 8 
3 8 3 2 2 6 0 7 1 1 8 0 8 
3 8 3 2 2 6 0 7 1 1 8 0 8 
3 8 3 2 2 6 0 7 1 1 8 0 8 
3 8 3 2 2 6 0 7 1 1 8 0 8 
3 8 3 2 2 6 0 7 1 1 8 0 8 
3 8 3 2 2 6 0 7 1 1 8 0 8 
3 8 3 2 2 6 0 7 1 1 8 0 8 
3 8 3 2 2 6 0 7 1 1 8 0 8 
3 8 3 2 2 6 0 7 1 1 8 0 8 
3 8 3 2 2 6 0 7 1 1 8 0 8 
3 8 3 2 2 6 0 7 1 1 8 0 8 
3 8 3 2 2 6 0 7 1 1 8 0 8 
3 8 3 2 2 6 0 7 1 1 8 0 8 
3 8 3 2 2 6 0 7 1 1 8 0 8 
3 8 3 2 2 6 0 7 1 1 8 0 8 
3 8 3 2 2 6 0 7 1 1 8 0 8 
3 8 3 2 2 6 0 7 1 1 8 0 8 
3 8 3 2 2 6 0 7 1 1 8 0 8 
3 8 3 2 2 6 0 7 1 1 8 0 8 
3 8 3 2 2 6 0 7 1 1 8 0 8 
3 8 3 2 2 6 0 7 1 1 8 0 8 
3 8 3 2 2 6 0 7 1 1 8 0 8 
3 8 3 2 2 6 0 7 1 1 8 0 8 
3 8 3 2 2 6 0 7 1 1 8 0 8 
