4
9 7 3 0 9 1 1 5 7 1 7 4 6 
9 1 3 0 9 1 1 5 2 8 7 4 6 
9 7 3 0 9 1 1 5 7 8 7 4 6 
9 1 3 0 9 1 1 5 2 8 7 4 6 
9 7 3 0 9 1 1 5 7 1 7 4 6 
9 1 3 0 9 1 1 5 2 8 7 4 6 
9 7 3 0 9 1 1 5 7 8 7 4 6 
9 1 3 0 9 1 1 5 7 1 7 4 6 
9 7 3 0 9 1 1 5 2 8 7 4 6 
9 7 3 0 9 1 1 5 7 8 7 4 6 
9 7 3 0 9 1 1 5 7 1 7 4 6 
9 1 3 0 9 1 1 5 2 8 7 4 6 
9 7 3 0 9 1 1 5 7 8 7 4 6 
9 7 3 0 9 1 1 5 7 1 7 4 6 
9 1 3 0 9 1 1 5 2 8 7 4 6 
9 7 3 0 9 1 1 5 7 1 7 4 6 
9 7 3 0 9 1 1 5 7 8 7 4 6 
9 1 3 0 9 1 1 5 2 8 7 4 6 
9 7 3 0 9 1 1 5 7 8 7 4 6 
9 7 3 0 9 1 1 5 2 1 7 4 6 
9 1 3 0 9 1 1 5 7 8 7 4 6 
9 7 3 0 9 1 1 5 7 8 7 4 6 
9 1 3 0 9 1 1 5 2 8 7 4 6 
9 1 3 0 9 1 1 5 2 8 7 4 6 
9 7 3 0 9 1 1 5 7 8 7 4 6 
9 7 3 0 9 1 1 5 2 1 7 4 6 
9 1 3 0 9 1 1 5 7 8 7 4 6 
9 7 3 0 9 1 1 5 2 8 7 4 6 
9 1 3 0 9 1 1 5 7 1 7 4 6 
9 4 3 0 9 1 1 5 4 8 7 4 6 
9 1 3 0 9 1 1 5 7 8 7 4 6 
9 7 3 0 9 1 1 5 2 8 7 4 6 
9 4 3 0 9 1 1 5 4 8 7 4 6 
9 1 3 0 9 1 1 5 7 1 7 4 6 
9 7 3 0 9 1 1 5 2 8 7 4 6 
9 4 3 0 9 1 1 5 4 8 7 4 6 
